OST0000 o2ib1003 18,146,846,1170,1682,2382,2766
OST0001 o2ib1003 18,146,846,1170,1682,2382,2766
OST0002 o2ib1002 142,914,1294,1998,2386,2770,3154
OST0003 o2ib1003 18,146,846,1170,1682,2382,2766
OST0004 o2ib1003 18,146,846,1170,1682,2382,2766
OST0005 o2ib1003 18,146,846,1170,1682,2382,2766
OST0006 o2ib1002 142,914,1294,1998,2386,2770,3154
OST0007 o2ib1003 18,146,846,1170,1682,2382,2766
OST0008 o2ib1002 142,914,1294,1998,2386,2770,3154
OST0009 o2ib1003 18,146,846,1170,1682,2382,2766
OST000a o2ib1002 142,914,1294,1998,2386,2770,3154
OST000b o2ib1003 18,146,846,1170,1682,2382,2766
OST000c o2ib1002 142,914,1294,1998,2386,2770,3154
OST000d o2ib1003 18,146,846,1170,1682,2382,2766
OST000e o2ib1004 14,18,146,1170,1682,2382,2766
OST000f o2ib1005 142,914,1294,1998,2386,2770,3154
OST0010 o2ib1004 14,18,146,1170,1682,2382,2766
OST0011 o2ib1005 142,914,1294,1998,2386,2770,3154
OST0012 o2ib1004 14,18,146,1170,1682,2382,2766
OST0013 o2ib1005 142,914,1294,1998,2386,2770,3154
OST0014 o2ib1004 14,18,146,1170,1682,2382,2766
OST0015 o2ib1005 142,914,1294,1998,2386,2770,3154
OST0016 o2ib1004 14,18,146,1170,1682,2382,2766
OST0017 o2ib1005 142,914,1294,1998,2386,2770,3154
OST0018 o2ib1004 14,18,146,1170,1682,2382,2766
OST0019 o2ib1005 142,914,1294,1998,2386,2770,3154
OST001a o2ib1004 14,18,146,1170,1682,2382,2766
OST001b o2ib1005 142,914,1294,1998,2386,2770,3154
OST001c o2ib1006 82,1234,1298,2066,2450,3150,3218
OST001d o2ib1007 78,530,1230,1614,2322,2446,2834
OST001e o2ib1006 82,1234,1298,2066,2450,3150,3218
OST001f o2ib1007 78,530,1230,1614,2322,2446,2834
OST0020 o2ib1006 82,1234,1298,2066,2450,3150,3218
OST0021 o2ib1007 78,530,1230,1614,2322,2446,2834
OST0022 o2ib1006 82,1234,1298,2066,2450,3150,3218
OST0023 o2ib1007 78,530,1230,1614,2322,2446,2834
OST0024 o2ib1006 82,1234,1298,2066,2450,3150,3218
OST0025 o2ib1007 78,530,1230,1614,2322,2446,2834
OST0026 o2ib1006 82,1234,1298,2066,2450,3150,3218
OST0027 o2ib1007 78,530,1230,1614,2322,2446,2834
OST0028 o2ib1006 82,1234,1298,2066,2450,3150,3218
OST0029 o2ib1007 78,530,1230,1614,2322,2446,2834
OST002a o2ib1008 78,462,530,1230,1614,2446,2834
OST002b o2ib1009 82,1234,1298,2066,2450,3150,3218
OST002c o2ib1008 78,462,530,1230,1614,2446,2834
OST002d o2ib1009 82,1234,1298,2066,2450,3150,3218
OST002e o2ib1008 78,462,530,1230,1614,2446,2834
OST002f o2ib1009 82,1234,1298,2066,2450,3150,3218
OST0030 o2ib1008 78,462,530,1230,1614,2446,2834
OST0031 o2ib1009 82,1234,1298,2066,2450,3150,3218
OST0032 o2ib1008 78,462,530,1230,1614,2446,2834
OST0033 o2ib1009 82,1234,1298,2066,2450,3150,3218
OST0034 o2ib1008 78,462,530,1230,1614,2446,2834
OST0035 o2ib1009 82,1234,1298,2066,2450,3150,3218
OST0036 o2ib1008 78,462,530,1230,1614,2446,2834
OST0037 o2ib1009 82,1234,1298,2066,2450,3150,3218
